10
6
12
8
14
10
16
12
18
14
20
16
18
22
20
24
26
22
28
24
30
26
32
28
30
34
32
36
38
34
36
38
40
42
40
44
42
44
46
48
46
50
48
50
52
52
54
54
56
56
58
58
60
60
62
62
64
66
68
64
66
70
68
72
74
70
72
76
74
78
80
76
78
82
80
84
86
82
84
88
86
90
92
88
90
94
92
96
98
94
100
96
102
104
98
106
100
108
102
110
104
112
106
114
108
116
110
118
120
112
122
114
116
124
126
118
128
120
122
130
132
124
134
126
128
136
138
140
130
132
142
134
144
146
136
138
148
140
150
152
142
144
154
146
156
158
148
150
160
152
162
164
154
156
166
158
168
170
160
162
172
164
174
176
166
168
170
178
180
172
182
174
176
184
186
178
188
180
182
190
192
184
194
186
196
188
198
200
190
192
202
194
204
206
196
198
208
200
210
212
202
204
214
206
216
218
208
210
220
212
222
224
214
216
226
218
228
230
220
222
232
224
234
236
226
228
238
230
240
242
232
234
244
236
246
248
238
240
250
242
252
254
244
246
256
248
258
260
250
252
262
254
264
266
256
258
268
260
270
272
262
264
274
266
276
278
268
270
280
272
282
284
274
276
286
278
288
290
280
282
292
284
294
296
286
288
298
290
300
302
292
294
304
296
306
308
298
300
310
302
312
314
304
306
316
308
318
320
310
312
322
314
324
326
316
318
328
320
330
332
322
324
334
326
336
338
328
330
340
332
342
344
334
336
346
338
348
350
340
342
352
344
354
356
346
358
348
350
360
362
352
364
354
366
356
368
358
370
360
372
362
374
364
376
366
378
368
380
370
382
372
384
374
386
376
388
378
390
380
392
382
394
384
396
386
398
388
400
390
402
392
404
394
406
396
408
398
410
400
412
402
414
404
416
406
418
408
420
410
422
412
424
414
426
416
428
418
430
420
432
422
434
424
436
426
438
428
440
430
442
432
444
434
446
436
448
438
450
440
452
442
454
444
456
446
458
460
448
462
450
464
452
466
454
468
456
470
458
472
460
474
462
476
464
478
466
480
468
482
470
484
472
486
474
488
476
490
478
492
480
494
482
496
484
498
486
500
488
502
490
504
492
506
494
508
496
510
498
512
500
514
516
518
520
522
524
526
528
530
532
534
536
538
540
542
544
546
548
550
552
554
556
558
560
562
564
566
568
570
572
574
576
578
580
582
584
586
588
590
592
594
596
598
600
602
604
606
608
610
612
614
616
618
620
622
624
626
628
630
632
634
636
638
640
642
644
646
648
650
652
654
656
658
660
662
664
666
668
670
672
674
676
678
680
682
684
686
688
690
692
694
696
698
700
702
704
706
708
710
712
714
716
718
720
722
724
726
728
730
732
734
736
738
740
742
744
746
748
750
752
754
756
758
760
762
764
766
768
770
772
774
776
778
780
782
784
786
788
790
792
794
796
798
800
802
804
806
808
810
812
814
816
818
820
822
824
826
828
830
832
834
836
838
840
842
844
846
848
850
852
854
856
858
860
862
864
866
868
870
872
874
876
878
880
882
884
886
888
890
892
894
896
898
900
902
904
906
908
910
912
914
916
918
920
922
924
926
928
930
932
934
936
938
940
942
944
946
948
950
952
954
956
958
960
962
964
966
968
970
972
974
976
978
980
982
984
986
988
990
992
994
996
998
1000
