9
15
15
21
21
27
27
33
33
39
39
45
45
51
51
57
57
63
63
69
69
75
75
81
81
87
87
93
93
99
105
99
111
105
117
111
123
117
129
123
135
129
141
135
147
141
153
147
159
153
165
159
171
165
177
171
183
177
189
183
195
189
201
195
207
201
213
207
219
213
225
219
231
225
237
231
243
237
249
243
255
249
261
255
267
261
273
267
279
273
285
279
291
285
297
291
303
297
309
303
315
309
321
315
327
321
333
327
339
333
345
339
351
345
357
351
363
357
369
363
375
369
381
375
387
381
393
387
399
393
405
399
411
405
417
411
423
417
429
423
435
429
441
435
447
441
453
459
447
465
453
471
459
477
465
483
471
489
477
495
483
501
489
507
495
513
519
525
531
537
543
549
555
561
567
573
579
585
591
597
603
609
615
621
627
633
639
645
651
657
663
669
675
681
687
693
699
705
711
717
723
729
735
741
747
753
759
765
771
777
783
789
795
801
807
813
819
825
831
837
843
849
855
861
867
873
879
885
891
897
903
909
915
921
927
933
939
945
951
957
963
969
975
981
987
993
999
